% CISC271, Winter 2016: Assignment #4 data

PlanarPoints = ...
  [[0.96; 1.05; 0] [1.00; 8.02; 0] [8.07; 1.99; 0] ...
   [7.95; 7.95; 0] [5.00; 2.93; 0]];

SpatialPoints = ...
  [[3.75; 3.75; 13.75] [3.60; 6.05; 12.98] [7.14; 2.86; 5.71] ...
   [7.73; 7.73;  1.82] [5.00; 4.05; 10.48]];
